x 0.5 1.0 1.5 2.0 2.5 3.0 3.5 4.0 4.5 5.0 
0           
1 0.883333 0.9 0.9 0.9 0.9 0.9 0.9 0.9 0.9 0.9 
2 1.85 1.81667 1.81667 1.8 1.81667 1.83333 1.85 1.88333 1.95 2.2 
3 2.68333 2.66667 2.66667 2.66667 2.76667 2.95 4.31667 16.4667 70.8167 126.267 
4 3.58333 3.6 3.6 3.76667 4.68333 21.3667 105.817 177.917 223.533 262.617 
5 4.53333 4.56667 4.66667 5.63333 38.9833 147.967 219.067 267.233 302.983 341.283 
6 5.38333 5.31667 6.03333 29.8 143.067 235.6 289.9 332.45 366.6 389.483 
7 6.4 6.5 9.18333 124.983 227.583 294.983 343.517 382.367 401.367 423.167 
8 7.3 7.65 34.5667 201.833 289.9 361.483 390.5 416.75 439.183 460.967 
9 8.06667 8.86667 98.05 247.433 318.917 369.667 397.383 431.667 458.067 477.65 
10 9.23333 10.4 126.917 272.033 354.417 395.483 425.933 459.017 473.8 492.3 
