id arrival begin end wait queue duration order
176 24490 24490 24493 0 0 3 0
59 8105 8105 8121 0 0 16 1
47 13757 13757 13776 0 0 19 2
160 8551 8551 8570 0 0 19 3
282 39837 39837 39857 0 0 20 4
17 13847 13847 13876 0 0 29 5
34 6642 6642 6674 0 0 32 6
64 24795 24795 24828 0 0 33 7
53 37748 37748 37783 0 0 35 8
25 4444 4457 4480 13 1 23 9
268 19824 19824 19860 0 0 36 10
345 36793 36793 36833 0 0 40 11
328 19809 19809 19850 0 0 41 12
311 2849 2849 2895 0 0 46 13
285 38013 38013 38062 0 0 49 14
277 8673 8673 8725 0 0 52 15
302 38729 38729 38782 0 0 53 16
293 32526 32526 32580 0 0 54 17
60 38366 38366 38422 0 0 56 18
48 21534 21534 21592 0 0 58 19
153 24347 24347 24409 0 0 62 20
69 28095 28095 28158 0 0 63 21
343 36270 36270 36334 0 0 64 22
337 25 25 102 0 0 77 23
45 24701 24714 24782 13 1 68 24
118 40717 40717 40801 0 0 84 25
333 23194 23235 23283 41 2 48 26
108 27428 27433 27518 5 1 85 27
349 21486 21486 21576 0 0 90 28
66 41811 41811 41908 0 0 97 29
88 26567 26567 26666 0 0 99 30
117 37826 37826 37926 0 0 100 31
217 6455 6455 6556 0 0 101 32
304 29142 29142 29245 0 0 103 33
297 27617 27617 27726 0 0 109 34
144 42367 42367 42477 0 0 110 35
151 3733 3774 3844 41 2 70 36
216 9022 9022 9135 0 0 113 37
317 1844 1844 1957 0 0 113 38
290 3630 3668 3750 38 2 82 39
31 2403 2403 2524 0 0 121 40
13 26441 26441 26563 0 0 122 41
112 21239 21348 21363 109 1 15 42
334 3143 3253 3270 110 2 17 43
175 10169 10169 10300 0 0 131 44
254 7565 7565 7706 0 0 141 45
245 37677 37677 37823 0 0 146 46
154 1048 1048 1195 0 0 147 47
65 4971 4971 5119 0 0 148 48
200 10232 10232 10380 0 0 148 49
50 25449 25449 25598 0 0 149 50
132 36038 36038 36189 0 0 151 51
209 22066 22066 22219 0 0 153 52
32 16750 16840 16904 90 1 64 53
40 9021 9021 9178 0 0 157 54
91 29456 29456 29616 0 0 160 55
232 31254 31257 31415 3 1 158 56
218 1317 1317 1480 0 0 163 57
94 31543 31543 31711 0 0 168 58
143 21968 21968 22139 0 0 171 59
146 11003 11075 11174 72 1 99 60
259 23062 23219 23235 157 2 16 61
185 2133 2133 2313 0 0 180 62
233 4273 4273 4457 0 0 184 63
244 34996 34996 35180 0 0 184 64
63 34459 34459 34644 0 0 185 65
222 16956 16956 17142 0 0 186 66
89 11167 11167 11356 0 0 189 67
198 27244 27244 27433 0 0 189 68
159 732 732 923 0 0 191 69
80 35056 35056 35249 0 0 193 70
205 35566 35566 35760 0 0 194 71
203 12603 12603 12802 0 0 199 72
136 16839 16879 17040 40 2 161 73
106 26338 26338 26543 0 0 205 74
251 30933 30933 31141 0 0 208 75
36 13794 13794 14005 0 0 211 76
278 24521 24521 24732 0 0 211 77
6 29216 29216 29429 0 0 213 78
116 28948 28948 29162 0 0 214 79
237 23804 23804 24019 0 0 215 80
247 26622 26622 26839 0 0 217 81
55 3382 3382 3601 0 0 219 82
303 38297 38297 38518 0 0 221 83
168 34321 34321 34543 0 0 222 84
44 43029 43029 43262 0 0 233 85
273 2497 2497 2735 0 0 238 86
192 10283 10303 10523 20 2 220 87
11 34273 34273 34514 0 0 241 88
348 10060 10060 10303 0 0 243 89
353 20432 20432 20677 0 0 245 90
30 23621 23664 23867 43 2 203 91
90 18300 18300 18549 0 0 249 92
58 40129 40129 40382 0 0 253 93
298 38498 38498 38756 0 0 258 94
99 2349 2349 2621 0 0 272 95
206 11956 12090 12232 134 1 142 96
21 16130 16167 16407 37 1 240 97
238 39327 39327 39608 0 0 281 98
152 36397 36397 36679 0 0 282 99
280 41297 41297 41579 0 0 282 100
76 586 586 870 0 0 284 101
241 23989 23989 24273 0 0 284 102
338 32759 32759 33051 0 0 292 103
195 7389 7389 7682 0 0 293 104
161 13182 13182 13480 0 0 298 105
123 10943 10943 11247 0 0 304 106
213 8854 8854 9158 0 0 304 107
351 4374 4374 4683 0 0 309 108
272 1924 1924 2234 0 0 310 109
346 20091 20091 20405 0 0 314 110
24 29397 29397 29714 0 0 317 111
145 29924 29924 30241 0 0 317 112
264 12445 12445 12767 0 0 322 113
266 29064 29064 29388 0 0 324 114
110 25584 25584 25913 0 0 329 115
350 1891 1891 2222 0 0 331 116
258 38637 38637 38972 0 0 335 117
52 22882 22882 23219 0 0 337 118
184 21690 21690 22029 0 0 339 119
18 27177 27177 27520 0 0 343 120
252 24055 24055 24403 0 0 348 121
138 41116 41116 41466 0 0 350 122
38 42777 42777 43130 0 0 353 123
224 36634 36634 36988 0 0 354 124
163 22465 22465 22821 0 0 356 125
180 11950 11950 12310 0 0 360 126
279 14272 14468 14637 196 2 169 127
267 4414 4414 4780 0 0 366 128
330 10852 10852 11218 0 0 366 129
263 10272 10300 10645 28 1 345 130
248 18954 18954 19331 0 0 377 131
148 24663 24663 25042 0 0 379 132
289 25464 25464 25843 0 0 379 133
208 8187 8187 8567 0 0 380 134
5 35339 35339 35722 0 0 383 135
197 5735 5764 6121 29 1 357 136
173 31077 31141 31468 64 2 327 137
111 40930 40930 41325 0 0 395 138
84 37604 37604 38001 0 0 397 139
294 14406 14637 14804 231 4 167 140
102 669 669 1070 0 0 401 141
171 9414 9414 9819 0 0 405 142
172 20108 20108 20514 0 0 406 143
96 6439 6439 6850 0 0 411 144
253 35662 35662 36073 0 0 411 145
246 10739 10739 11151 0 0 412 146
187 6475 6556 6891 81 1 335 147
135 30671 30768 31088 97 1 320 148
316 2836 2836 3253 0 0 417 149
78 16701 16701 17127 0 0 426 150
14 8142 8142 8574 0 0 432 151
309 5342 5342 5775 0 0 433 152
223 37205 37456 37639 251 1 183 153
329 40874 40874 41309 0 0 435 154
85 27374 27374 27810 0 0 436 155
308 11301 11301 11737 0 0 436 156
23 30588 30588 31030 0 0 442 157
140 17978 17978 18424 0 0 446 158
189 22705 22705 23152 0 0 447 159
331 43009 43009 43463 0 0 454 160
235 23419 23419 23874 0 0 455 161
93 29821 29821 30279 0 0 458 162
67 36997 36997 37456 0 0 459 163
95 26418 26418 26882 0 0 464 164
318 25862 25862 26326 0 0 464 165
183 17769 17769 18243 0 0 474 166
107 25015 25015 25490 0 0 475 167
126 13890 13890 14365 0 0 475 168
7 21896 21896 22374 0 0 478 169
115 1854 1854 2333 0 0 479 170
307 24449 24449 24929 0 0 480 171
62 3714 3750 4198 36 1 448 172
120 39593 39593 40084 0 0 491 173
73 15601 16081 16095 480 6 14 174
323 35585 35585 36080 0 0 495 175
327 20863 20957 21360 94 1 403 176
150 5034 5034 5532 0 0 498 177
0 20938 21001 21437 63 2 436 178
356 37093 37093 37593 0 0 500 179
265 32525 32525 33027 0 0 502 180
249 38816 38816 39319 0 0 503 181
109 33316 33316 33821 0 0 505 182
199 10562 10562 11075 0 0 513 183
204 20989 21160 21505 171 2 345 184
339 35264 35264 35782 0 0 518 185
335 31075 31088 31594 13 1 506 186
26 2155 2222 2675 67 1 453 187
166 9234 9234 9754 0 0 520 188
286 25815 25815 26335 0 0 520 189
196 16065 16123 16590 58 3 467 190
125 31756 31756 32286 0 0 530 191
142 38620 38620 39150 0 0 530 192
291 38789 38789 39322 0 0 533 193
236 28809 28809 29346 0 0 537 194
41 10577 10577 11118 0 0 541 195
191 28154 28154 28699 0 0 545 196
357 17445 17445 17990 0 0 545 197
174 20802 20802 21348 0 0 546 198
119 6621 6621 7168 0 0 547 199
39 35744 35744 36292 0 0 548 200
270 11988 12232 12536 244 2 304 201
255 6014 6014 6566 0 0 552 202
283 23044 23152 23596 108 1 444 203
354 9258 9258 9813 0 0 555 204
33 28141 28141 28698 0 0 557 205
19 2658 2658 3224 0 0 566 206
124 33235 33235 33802 0 0 567 207
100 15225 15661 15793 436 6 132 208
56 18933 18933 19511 0 0 578 209
113 31037 31037 31616 0 0 579 210
221 42172 42172 42753 0 0 581 211
3 32168 32168 32751 0 0 583 212
165 31640 31640 32223 0 0 583 213
190 3055 3055 3641 0 0 586 214
292 28248 28248 28834 0 0 586 215
137 9735 9735 10325 0 0 590 216
167 22374 22374 22967 0 0 593 217
177 15487 15852 16081 365 7 229 218
295 25017 25017 25611 0 0 594 219
352 5034 5034 5630 0 0 596 220
2 30314 30314 30915 0 0 601 221
98 39090 39090 39694 0 0 604 222
276 5539 5539 6144 0 0 605 223
92 26657 26657 27264 0 0 607 224
105 29650 29650 30259 0 0 609 225
130 19939 19939 20551 0 0 612 226
325 27925 27925 28538 0 0 613 227
306 30793 30793 31407 0 0 614 228
193 22174 22174 22791 0 0 617 229
242 38106 38106 38723 0 0 617 230
227 20380 20380 21001 0 0 621 231
202 36046 36046 36679 0 0 633 232
179 6457 6457 7097 0 0 640 233
186 17233 17233 17873 0 0 640 234
321 6038 6038 6678 0 0 640 235
215 10653 10653 11295 0 0 642 236
158 31705 31705 32354 0 0 649 237
299 8705 8705 9356 0 0 651 238
8 21299 21360 21951 61 2 591 239
312 23009 23009 23661 0 0 652 240
147 18749 18749 19404 0 0 655 241
128 33059 33059 33715 0 0 656 242
4 33556 33556 34216 0 0 660 243
300 12343 12437 13005 94 1 568 244
129 26818 26818 27482 0 0 664 245
79 38321 38321 38986 0 0 665 246
256 21778 21778 22445 0 0 667 247
77 16708 16708 17377 0 0 669 248
156 18422 18422 19095 0 0 673 249
12 1653 1653 2327 0 0 674 250
82 20279 20279 20957 0 0 678 251
131 31351 31407 32029 56 1 622 252
101 22582 22582 23261 0 0 679 253
210 587 587 1267 0 0 680 254
87 11758 11758 12442 0 0 684 255
1 14564 14943 15258 379 6 315 256
281 9163 9163 9857 0 0 694 257
37 34092 34092 34791 0 0 699 258
326 30948 30948 31648 0 0 700 259
207 36977 36977 37687 0 0 710 260
72 16165 16167 16879 2 2 712 261
243 3059 3224 3774 165 1 550 262
336 33264 33264 33979 0 0 715 263
35 10055 10055 10774 0 0 719 264
296 31730 31730 32454 0 0 724 265
86 37441 37593 38166 152 2 573 266
211 36875 36875 37602 0 0 727 267
225 3059 3059 3787 0 0 728 268
16 13847 13847 14576 0 0 729 269
344 7558 7558 8288 0 0 730 270
231 12178 12310 12913 132 2 603 271
340 40906 40906 41641 0 0 735 272
201 23293 23293 24030 0 0 737 273
75 11920 11920 12658 0 0 738 274
322 5017 5017 5764 0 0 747 275
54 23964 23964 24714 0 0 750 276
230 5519 5519 6269 0 0 750 277
228 15372 15687 16123 315 5 436 278
313 20836 20836 21587 0 0 751 279
141 14908 15308 15661 400 4 353 280
169 13714 13714 14468 0 0 754 281
22 37137 37137 37893 0 0 756 282
212 3883 3883 4641 0 0 758 283
262 14927 15346 15685 419 5 339 284
287 15093 15593 15852 500 5 259 285
74 32108 32108 32870 0 0 762 286
271 9680 9680 10445 0 0 765 287
127 30000 30241 30768 241 1 527 288
178 24211 24211 24986 0 0 775 289
226 25616 25616 26392 0 0 776 290
46 20383 20383 21160 0 0 777 291
51 14168 14365 14947 197 1 582 292
341 4992 4992 5777 0 0 785 293
170 23567 23661 24354 94 2 693 294
275 12901 12901 13689 0 0 788 295
164 14077 14077 14867 0 0 790 296
240 983 983 1784 0 0 801 297
162 30449 30449 31257 0 0 808 298
214 36879 36879 37689 0 0 810 299
324 14130 14130 14943 0 0 813 300
188 17136 17136 17954 0 0 818 301
305 16311 16407 17129 96 1 722 302
114 627 627 1448 0 0 821 303
315 29950 29950 30774 0 0 824 304
194 41543 41543 42369 0 0 826 305
359 25036 25036 25862 0 0 826 306
10 27403 27403 28230 0 0 827 307
320 13777 13777 14604 0 0 827 308
70 2094 2094 2922 0 0 828 309
257 34566 34566 35395 0 0 829 310
358 29507 29507 30337 0 0 830 311
342 40413 40413 41245 0 0 832 312
157 11604 11604 12437 0 0 833 313
27 22830 22830 23664 0 0 834 314
43 27142 27142 27977 0 0 835 315
314 3491 3601 4328 110 1 727 316
133 11741 11741 12579 0 0 838 317
155 29472 29472 30311 0 0 839 318
239 1160 1160 1999 0 0 839 319
134 24405 24405 25246 0 0 841 320
182 38126 38126 38968 0 0 842 321
229 20560 20560 21406 0 0 846 322
49 15992 16095 16840 103 2 745 323
319 26310 26310 27162 0 0 852 324
104 21409 21409 22265 0 0 856 325
20 42221 42221 43080 0 0 859 326
234 34701 34701 35560 0 0 859 327
260 28533 28533 29392 0 0 859 328
250 7056 7056 7916 0 0 860 329
355 2808 2808 3668 0 0 860 330
28 37769 37769 38632 0 0 863 331
83 17264 17264 18128 0 0 864 332
71 3057 3057 3923 0 0 866 333
288 17429 17429 18297 0 0 868 334
284 11219 11219 12090 0 0 871 335
274 35227 35227 36100 0 0 873 336
97 38956 38968 39831 12 1 863 337
220 30049 30259 30924 210 2 665 338
61 23555 23596 24431 41 1 835 339
219 18494 18494 19377 0 0 883 340
149 22825 22825 23711 0 0 886 341
103 5721 5721 6612 0 0 891 342
42 40830 40830 41724 0 0 894 343
181 28635 28635 29529 0 0 894 344
29 18114 18114 19015 0 0 901 345
81 3874 3874 4777 0 0 903 346
121 34555 34555 35463 0 0 908 347
122 39572 39572 40480 0 0 908 348
301 16444 16478 17353 34 1 875 349
68 14404 14604 15346 200 3 742 350
261 3502 3641 4482 139 2 841 351
57 14524 14867 15509 343 5 642 352
269 14598 14947 15593 349 6 646 353
9 14280 14576 15308 296 3 732 354
332 15447 15793 16588 346 6 795 355
347 14970 15509 16167 539 4 658 356
310 15244 15685 16478 441 7 793 357
139 14417 14804 15687 387 5 883 358
15 14659 15258 16167 599 5 909 359
