id arrival begin end wait queue duration serviceTime order
860 128 128 130 0 0 2 2 0
1296 43017 43017 43032 0 0 15 15 1
648 81 81 104 0 0 23 23 2
337 25 25 54 0 0 29 29 3
892 42720 42720 42760 0 0 40 40 4
221 42172 42210 42215 38 1 5 43 5
856 236 236 297 0 0 61 61 6
979 42641 42641 42702 0 0 61 61 7
66 41811 41848 41873 37 1 25 62 8
1056 237 237 300 0 0 63 63 9
1319 330 360 394 30 1 34 64 10
798 42855 42855 42920 0 0 65 65 11
665 42921 42921 42991 0 0 70 70 12
683 133 133 211 0 0 78 78 13
882 303 303 385 0 0 82 82 14
1251 43046 43046 43128 0 0 82 82 15
651 42501 42501 42584 0 0 83 83 16
1143 272 272 360 0 0 88 88 17
20 42221 42221 42312 0 0 91 91 18
1191 39 39 130 0 0 91 91 19
210 587 662 694 75 1 32 107 20
144 42367 42367 42477 0 0 110 110 21
846 42612 42612 42727 0 0 115 115 22
705 42320 42320 42446 0 0 126 126 23
814 280 297 407 17 1 110 127 24
448 42 42 171 0 0 129 129 25
44 43029 43029 43166 0 0 137 137 26
1332 42431 42431 42572 0 0 141 141 27
971 42345 42345 42487 0 0 142 142 28
1044 42225 42229 42377 4 1 148 152 29
1422 763 887 915 124 1 28 152 30
38 42777 42777 42938 0 0 161 161 31
159 732 846 893 114 1 47 161 32
926 75 75 240 0 0 165 165 33
1201 636 795 806 159 1 11 170 34
600 42427 42427 42598 0 0 171 171 35
776 41932 41999 42108 67 1 109 176 36
1080 867 1013 1049 146 1 36 182 37
1012 473 473 662 0 0 189 189 38
1084 42496 42496 42685 0 0 189 189 39
496 42980 42980 43175 0 0 195 195 40
729 15 15 210 0 0 195 195 41
663 41818 41873 42014 55 2 141 196 42
805 40644 40825 40843 181 1 18 199 43
715 42667 42667 42868 0 0 201 201 44
607 42141 42198 42351 57 1 153 210 45
331 43009 43009 43223 0 0 214 214 46
114 627 694 843 67 2 149 216 47
456 40716 40935 40936 219 1 1 220 48
1360 42029 42053 42250 24 1 197 221 49
972 41132 41319 41359 187 2 40 227 50
706 40629 40822 40857 193 1 35 228 51
732 40863 41028 41091 165 1 63 228 52
488 42243 42250 42476 7 1 226 233 53
657 41217 41400 41452 183 1 52 235 54
1372 475 475 710 0 0 235 235 55
1383 42085 42108 42324 23 1 216 239 56
1397 40406 40566 40650 160 1 84 244 57
1294 94 94 342 0 0 248 248 58
993 40340 40540 40590 200 2 50 250 59
875 41946 42027 42198 81 1 171 252 60
76 586 586 846 0 0 260 260 61
733 41734 41801 41999 67 1 198 265 62
1431 303 342 571 39 1 229 268 63
939 524 524 795 0 0 271 271 64
778 41610 41746 41884 136 1 138 274 65
1277 41527 41618 41801 91 2 183 274 66
980 40508 40650 40793 142 2 143 285 67
1120 40682 40857 40970 175 2 113 288 68
754 40668 40843 40958 175 2 115 290 69
928 144 144 436 0 0 292 292 70
615 41289 41522 41595 233 3 73 306 71
1265 42446 42446 42755 0 0 309 309 72
907 41308 41554 41618 246 1 64 310 73
1210 489 489 799 0 0 310 310 74
842 40309 40517 40629 208 2 112 320 75
1205 204 204 529 0 0 325 325 76
370 41194 41359 41522 165 3 163 328 77
780 1038 1337 1369 299 2 32 331 78
990 553 553 887 0 0 334 334 79
329 40874 41089 41212 215 1 123 338 80
848 1063 1348 1405 285 1 57 342 81
556 648 799 996 151 1 197 348 82
340 40906 41148 41259 242 2 111 353 83
240 983 1232 1337 249 1 105 354 84
427 40592 40782 40946 190 1 164 354 85
891 41849 41884 42210 35 1 326 361 86
102 669 806 1039 137 2 233 370 87
138 41116 41280 41486 164 1 206 370 88
1106 38609 38923 38981 314 2 58 372 89
536 41853 41916 42229 63 1 313 376 90
1286 41651 41777 42027 126 1 250 376 91
1192 41536 41662 41916 126 1 254 380 92
498 40764 40958 41148 194 3 190 384 93
785 628 710 1013 82 1 303 385 94
58 40129 40360 40517 231 2 157 388 95
111 40930 41212 41319 282 2 107 389 96
384 716 843 1109 127 1 266 393 97
1315 41269 41452 41662 183 2 210 393 98
1295 950 1109 1344 159 1 235 394 99
960 40884 41091 41280 207 2 189 396 100
342 40413 40590 40822 177 2 232 409 101
42 40830 40970 41240 140 2 270 410 102
808 41945 42014 42361 69 1 347 416 103
406 1000 1240 1418 240 1 178 418 104
457 817 915 1240 98 2 325 423 105
1341 1676 2093 2106 417 4 13 430 106
280 41297 41545 41731 248 1 186 434 107
958 884 1039 1324 155 1 285 440 108
610 907 1049 1348 142 2 299 441 109
1215 1198 1637 1640 439 3 3 442 110
760 857 996 1309 139 1 313 452 111
912 41325 41590 41777 265 1 187 452 112
486 775 893 1232 118 2 339 457 113
593 41286 41486 41746 200 1 260 460 114
452 41091 41259 41554 168 2 295 463 115
483 40067 40355 40540 288 2 185 473 116
896 40461 40629 40935 168 2 306 474 117
1065 40922 41212 41400 290 3 188 478 118
1213 40347 40547 40825 200 1 278 478 119
1267 1546 1963 2024 417 2 61 478 120
555 40540 40708 41028 168 1 320 488 121
735 2758 3233 3248 475 4 15 490 122
740 1028 1324 1518 296 2 194 490 123
363 40595 40793 41089 198 2 296 494 124
1078 41051 41248 41545 197 1 297 494 125
118 40717 40936 41212 219 2 276 495 126
1146 1139 1518 1637 379 2 119 498 127
942 36022 36510 36526 488 3 16 504 128
728 38199 38683 38704 484 4 21 505 129
758 1135 1418 1640 283 2 222 505 130
773 40741 40946 41248 205 2 302 507 131
194 41543 41731 42053 188 2 322 510 132
792 1156 1545 1666 389 2 121 510 133
1088 1218 1666 1732 448 3 66 514 134
60 38366 38778 38882 412 3 104 516 135
844 41330 41595 41848 265 3 253 518 136
1243 1194 1611 1718 417 2 107 524 137
714 1481 1935 2006 454 2 71 525 138
1437 38324 38707 38850 383 4 143 526 139
291 38789 39314 39319 525 3 5 530 140
701 1011 1309 1545 298 1 236 534 141
1001 1066 1369 1600 303 3 231 534 142
381 1263 1715 1805 452 3 90 542 143
756 38767 39276 39314 509 2 38 547 144
1178 36025 36526 36576 501 4 50 551 145
1090 39570 40094 40123 524 5 29 553 146
696 2993 3522 3548 529 3 26 555 147
1329 4022 4572 4577 550 3 5 555 148
303 38297 38704 38853 407 4 149 556 149
462 1510 1939 2067 429 5 128 557 150
794 36711 37252 37269 541 4 17 558 151
540 1380 1894 1939 514 4 45 559 152
154 1048 1344 1611 296 2 267 563 153
1086 37665 38203 38228 538 2 25 563 154
120 39593 40123 40158 530 6 35 565 155
925 3683 4244 4249 561 3 5 566 156
1002 4104 4666 4677 562 6 11 573 157
391 38625 39146 39200 521 4 54 575 158
12 1653 2063 2233 410 3 170 580 159
1272 3118 3697 3702 579 3 5 584 160
584 36866 37429 37451 563 3 22 585 161
55 3382 3941 3968 559 4 27 586 162
927 36144 36676 36730 532 5 54 586 163
1224 1318 1805 1907 487 4 102 589 164
922 2552 3105 3148 553 5 43 596 165
1069 40186 40509 40782 323 2 273 596 166
1064 40992 41240 41590 248 1 350 598 167
738 3802 4288 4403 486 3 115 601 168
1154 1672 2067 2274 395 3 207 602 169
84 37604 38195 38208 591 5 13 604 170
317 1844 2408 2449 564 4 41 605 171
601 1107 1405 1715 298 2 310 608 172
435 35637 36204 36246 567 2 42 609 173
1087 3892 4415 4503 523 4 88 611 174
613 37639 38200 38251 561 4 51 612 175
1220 3114 3616 3726 502 3 110 612 176
847 37924 38519 38537 595 4 18 613 177
99 2349 2959 2967 610 4 8 618 178
253 35662 36230 36281 568 4 51 619 179
884 38611 38981 39231 370 3 250 620 180
1007 4984 5570 5605 586 4 35 621 181
117 37826 38445 38449 619 5 4 623 182
763 4944 5475 5570 531 3 95 626 183
1279 2221 2831 2847 610 4 16 626 184
202 36046 36643 36676 597 4 33 630 185
212 3883 4403 4513 520 4 110 630 186
1026 1584 2006 2214 422 3 208 630 187
1380 38564 38901 39194 337 2 293 630 188
1426 1852 2448 2482 596 5 34 630 189
899 39459 40040 40094 581 6 54 635 190
343 36270 36794 36906 524 2 112 636 191
345 36793 37317 37429 524 3 112 636 192
898 1812 2274 2448 462 4 174 636 193
826 3176 3726 3813 550 3 87 637 194
1047 3179 3813 3816 634 4 3 637 195
388 1580 1969 2218 389 3 249 638 196
1320 36044 36596 36682 552 3 86 638 197
71 3057 3555 3701 498 3 146 644 198
1232 37928 38537 38572 609 5 35 644 199
224 36634 37141 37279 507 3 138 645 200
190 3055 3548 3702 493 4 154 647 201
660 36320 36871 36967 551 5 96 647 202
53 37748 38385 38396 637 5 11 648 203
1378 37547 38189 38195 642 4 6 648 204
945 39369 40005 40018 636 5 13 649 205
985 35706 36252 36355 546 2 103 649 206
233 4273 4859 4923 586 2 64 650 207
490 37734 38366 38385 632 4 19 651 208
243 3059 3594 3712 535 4 118 653 209
1252 1440 1907 2093 467 3 186 653 210
142 38620 39058 39276 438 2 218 656 211
962 38121 38573 38778 452 2 205 657 212
152 36397 36967 37057 570 6 90 660 213
629 2683 3212 3343 529 2 131 660 214
1068 36769 37279 37431 510 4 152 662 215
1394 4743 5363 5405 620 5 42 662 216
1062 38724 39200 39387 476 3 187 663 217
849 39689 40177 40355 488 4 178 666 218
1112 37699 38228 38366 529 3 138 667 219
1115 2390 2971 3059 581 2 88 669 220
497 3571 4198 4244 627 3 46 673 221
1149 2325 2951 3000 626 5 49 675 222
1050 35406 36081 36082 675 5 1 676 223
375 1292 1718 1969 426 3 251 677 224
1284 40029 40351 40708 322 2 357 679 225
31 2403 2988 3085 585 4 97 682 226
65 4971 5529 5653 558 2 124 682 227
151 3733 4249 4415 516 4 166 682 228
122 39572 40117 40257 545 6 140 685 229
316 2836 3345 3522 509 3 177 686 230
1301 38459 38853 39146 394 3 293 687 231
562 1206 1640 1894 434 4 254 688 232
1049 36408 36980 37097 572 5 117 689 233
185 2133 2667 2823 534 3 156 690 234
298 38498 38882 39188 384 3 306 690 235
81 3874 4359 4566 485 3 207 692 236
285 38013 38560 38705 547 4 145 692 237
557 39873 40257 40566 384 6 309 693 238
965 39423 40018 40117 595 6 99 694 239
472 39812 40190 40509 378 2 319 697 240
830 3470 3968 4168 498 5 200 698 241
857 2688 3218 3387 530 5 169 699 242
734 2249 2847 2951 598 5 104 702 243
868 35940 36505 36643 565 3 138 703 244
282 39837 40239 40547 402 3 308 710 245
931 4972 5549 5683 577 5 134 711 246
482 39346 39974 40059 628 3 85 713 247
461 4832 5405 5549 573 6 144 717 248
1257 2877 3450 3594 573 5 144 717 249
809 1689 2106 2408 417 5 302 719 250
1326 4343 4923 5064 580 3 141 721 251
514 4743 5343 5465 600 3 122 722 252
1356 35788 36411 36510 623 3 99 722 253
1045 2510 3085 3233 575 5 148 723 254
261 3502 4081 4226 579 5 145 724 255
953 36310 36798 37035 488 2 237 725 256
890 36865 37322 37591 457 4 269 726 257
1127 36742 37269 37468 527 4 199 726 258
541 3831 4319 4558 488 2 239 727 259
430 39273 39965 40005 692 4 40 732 260
727 4281 4896 5014 615 3 118 733 261
837 1694 2214 2429 520 3 215 735 262
1147 37922 38512 38657 590 3 145 735 263
79 38321 38705 39058 384 2 353 737 264
97 38956 39598 39693 642 5 95 737 265
1167 3507 4168 4246 661 6 78 739 266
5 35339 36010 36081 671 4 71 742 267
803 37830 38456 38573 626 2 117 743 268
211 36875 37445 37620 570 3 175 745 269
218 1317 1732 2063 415 3 331 746 270
302 38729 39231 39476 502 3 245 747 271
355 2808 3343 3555 535 3 212 747 272
249 38816 39470 39565 654 3 95 749 273
356 37093 37726 37842 633 5 116 749 274
506 36231 36730 36980 499 5 250 749 275
1135 8545 9230 9294 685 6 64 749 276
1293 36873 37431 37622 558 4 191 749 277
1373 37770 38445 38519 675 3 74 749 278
1415 2356 2967 3105 611 5 138 749 279
207 36977 37620 37730 643 3 110 753 280
630 5245 5958 5998 713 4 40 753 281
983 4609 5308 5363 699 4 55 754 282
350 1891 2531 2646 640 3 115 755 283
1375 1614 2024 2369 410 3 345 755 284
1036 39604 40158 40360 554 7 202 756 285
1370 3532 4173 4288 641 4 115 756 286
539 2460 3000 3218 540 5 218 758 287
743 5256 5996 6014 740 5 18 758 288
469 39098 39847 39857 749 5 10 759 289
656 35442 36082 36201 640 6 119 759 290
750 5299 5998 6059 699 5 61 760 291
1103 2552 3129 3312 577 3 183 760 292
816 36363 36896 37124 533 3 228 761 293
824 3153 3712 3914 559 3 202 761 294
1410 36380 36906 37141 526 3 235 761 295
742 1201 1640 1963 439 3 323 762 296
1200 1904 2559 2667 655 3 108 763 297
652 4904 5465 5669 561 3 204 765 298
827 36131 36652 36896 521 2 244 765 299
1043 39473 40049 40239 576 4 190 766 300
589 1978 2615 2745 637 4 130 767 301
1124 1847 2429 2615 582 4 186 768 302
981 35700 36246 36470 546 3 224 770 303
681 38817 39476 39588 659 4 112 771 304
724 36895 37591 37666 696 4 75 771 305
646 35238 35921 36010 683 3 89 772 306
1430 3586 4199 4359 613 4 160 773 307
1153 3892 4503 4666 611 5 163 774 308
239 1160 1600 1935 440 4 335 775 309
1256 34923 35636 35698 713 5 62 775 310
1240 38694 39194 39470 500 2 276 776 311
599 5079 5781 5856 702 3 75 777 312
796 2123 2664 2900 541 3 236 777 313
474 37666 38208 38445 542 5 237 779 314
225 3059 3592 3840 533 4 248 781 315
829 39183 39901 39965 718 4 64 782 316
930 5581 6300 6367 719 5 67 786 317
863 3412 3959 4199 547 3 240 787 318
258 38637 39186 39425 549 3 239 788 319
828 38397 38850 39186 453 2 336 789 320
873 1824 2369 2613 545 3 244 789 321
712 35715 36281 36505 566 4 224 790 322
19 2658 3148 3450 490 5 302 792 323
852 38691 39188 39483 497 3 295 792 324
378 3380 3914 4173 534 4 259 793 325
242 38106 38572 38901 466 5 329 795 326
707 37405 38130 38200 725 4 70 795 327
182 38126 38657 38923 531 4 266 797 328
267 4414 4990 5212 576 5 222 798 329
938 8865 9626 9664 761 3 38 799 330
917 2154 2745 2959 591 4 214 805 331
1161 36446 37097 37252 651 6 155 806 332
465 3134 3702 3941 568 4 239 807 333
748 38791 39319 39598 528 4 279 807 334
966 39037 39700 39844 663 4 144 807 335
1072 1751 2233 2559 482 2 326 808 336
115 1854 2449 2664 595 5 215 810 337
476 37379 38030 38189 651 4 159 810 338
564 8418 9131 9229 713 4 98 811 339
1339 37409 38136 38222 727 4 86 813 340
782 32040 32823 32855 783 5 32 815 341
1004 32125 32914 32940 789 8 26 815 342
334 3143 3702 3959 559 4 257 816 343
866 36774 37300 37591 526 2 291 817 344
568 39026 39697 39847 671 4 150 821 345
421 34924 35668 35746 744 5 78 822 346
561 4167 4677 4990 510 7 313 823 347
1048 2768 3248 3592 480 5 344 824 348
59 8105 8890 8930 785 4 40 825 349
1077 39525 40059 40351 534 3 292 826 350
668 1704 2218 2531 514 3 313 827 351
70 2094 2646 2922 552 3 276 828 352
314 3491 3976 4319 485 3 343 828 353
578 4479 5064 5308 585 4 244 829 354
80 35056 35813 35886 757 6 73 830 355
25 4444 5014 5277 570 3 263 833 356
26 2155 2823 2988 668 4 165 833 357
132 36038 36576 36871 538 5 295 833 358
442 6222 7004 7055 782 4 51 833 359
587 3987 4566 4820 579 3 254 833 360
1025 2783 3312 3616 529 3 304 833 361
245 37677 38222 38512 545 3 290 835 362
547 32078 32860 32914 782 8 54 836 363
1173 4023 4574 4859 551 3 285 836 364
517 35082 35867 35921 785 4 54 839 365
205 35566 36145 36411 579 3 266 845 366
410 36963 37591 37808 628 3 217 845 367
526 8385 9070 9230 685 6 160 845 368
214 36879 37468 37726 589 5 258 847 369
431 32054 32855 32901 801 6 46 847 370
1190 39054 39735 39901 681 3 166 847 371
273 2497 3059 3345 562 3 286 848 372
311 2849 3387 3697 538 4 310 848 373
426 37712 38251 38560 539 5 309 848 374
588 36150 36682 36998 532 4 316 848 375
1412 3128 3701 3976 573 4 275 848 376
495 8324 9070 9173 746 5 103 849 377
1121 38848 39565 39697 717 4 132 849 378
238 39327 39968 40177 641 4 209 850 379
575 8033 8809 8885 776 5 76 852 380
1305 37829 38449 38683 620 6 234 854 381
322 5017 5653 5872 636 3 219 855 382
389 34771 35590 35626 819 6 36 855 383
1218 8099 8885 8954 786 6 69 855 384
339 35264 35938 36120 674 5 182 856 385
1006 4487 5068 5343 581 3 275 856 386
1027 2273 2900 3129 627 4 229 856 387
745 3224 3816 4081 592 5 265 857 388
1189 4835 5414 5692 579 3 278 857 389
1330 8479 9229 9338 750 5 109 859 390
62 3714 4246 4574 532 4 328 860 391
351 4374 4927 5236 553 3 309 862 392
276 5539 6278 6403 739 4 125 864 393
1393 37296 37941 38160 645 4 219 864 394
1237 8642 9473 9507 831 4 34 865 395
806 35730 36355 36596 625 3 241 866 396
63 34459 35262 35327 803 5 65 868 397
766 34945 35698 35813 753 6 115 868 398
1131 31500 32326 32368 826 4 42 868 399
1392 36576 37124 37445 548 3 321 869 400
165 31640 32503 32510 863 5 7 870 401
445 35928 36480 36798 552 5 318 870 402
595 8571 9294 9445 723 7 151 874 403
717 32140 32919 33014 779 6 95 874 404
98 39090 39844 39968 754 5 124 878 405
371 4186 4820 5068 634 4 248 882 406
987 39167 39887 40049 720 4 162 882 407
208 8187 8954 9070 767 6 116 883 408
768 4897 5442 5781 545 3 339 884 409
418 36414 36998 37300 584 3 302 886 410
581 4555 5277 5442 722 4 165 887 411
644 5035 5692 5923 657 3 231 888 412
695 2323 2922 3212 599 3 290 889 413
438 5618 6383 6508 765 3 125 890 414
22 37137 37730 38030 593 3 300 893 415
1162 36429 37057 37322 628 6 265 893 416
323 35585 36201 36480 616 6 279 895 417
11 34273 35168 35169 895 4 1 896 418
1382 5321 6014 6217 693 5 203 896 419
412 5780 6679 6680 899 5 1 900 420
428 4027 4577 4927 550 4 350 900 421
1316 37230 37842 38130 612 5 288 900 422
998 6331 7217 7232 886 6 15 901 423
1428 38798 39387 39700 589 4 313 902 424
368 39137 39857 40040 720 6 183 903 425
685 36414 37035 37317 621 3 282 903 426
223 37205 37808 38111 603 3 303 906 427
879 5801 6687 6707 886 6 20 906 428
948 36878 37451 37785 573 4 334 907 429
39 35744 36392 36652 648 4 260 908 430
580 12931 13838 13839 907 6 1 908 431
1351 3290 3840 4198 550 2 358 908 432
730 31950 32741 32860 791 8 119 910 433
1318 35028 35746 35938 718 6 192 910 434
1030 5085 5856 5996 771 4 140 911 435
1033 39062 39827 39974 765 3 147 912 436
1328 5365 6119 6278 754 4 159 913 437
168 34321 35229 35235 908 5 6 914 438
571 12960 13854 13874 894 9 20 914 439
67 36997 37622 37913 625 4 291 916 440
150 5034 5669 5951 635 4 282 917 441
387 35475 36120 36392 645 5 272 917 442
1073 39025 39693 39946 668 6 253 921 443
1099 38814 39425 39735 611 3 310 921 444
121 34555 35385 35477 830 5 92 922 445
479 37018 37666 37941 648 4 275 923 446
1290 39267 39946 40190 679 6 244 923 447
817 3972 4558 4896 586 3 338 924 448
1066 6039 6905 6963 866 6 58 924 449
886 33061 33913 33986 852 6 73 925 450
94 31543 32445 32469 902 8 24 926 451
515 32101 32901 33027 800 7 126 926 452
1226 8617 9338 9543 721 5 205 926 453
1359 4488 5173 5414 685 3 241 926 454
1204 31360 32257 32288 897 7 31 928 455
1352 32978 33787 33907 809 5 120 929 456
230 5519 6251 6449 732 3 198 930 457
956 6256 7055 7187 799 4 132 931 458
1039 31396 32266 32327 870 6 61 931 459
821 13670 14602 14603 932 9 1 933 460
37 34092 35025 35028 933 4 3 936 461
125 31756 32691 32693 935 6 2 937 462
28 37769 38396 38707 627 6 311 938 463
1171 37263 37913 38203 650 4 290 940 464
577 34579 35465 35520 886 5 55 941 465
631 3908 4513 4849 605 5 336 941 466
290 3630 4226 4572 596 5 346 942 467
1287 7866 8712 8809 846 5 97 943 468
1388 34532 35368 35476 836 6 108 944 469
835 5173 5923 6119 750 4 196 946 470
947 31518 32327 32465 809 6 138 947 471
772 1880 2482 2831 602 6 349 951 472
1101 37185 37785 38136 600 4 351 951 473
275 12901 13810 13854 909 9 44 953 474
885 5414 6203 6370 789 4 167 956 475
309 5342 6059 6300 717 6 241 958 476
532 32898 33783 33858 885 4 75 960 477
520 30996 31927 31960 931 5 33 964 478
341 4992 5605 5958 613 4 353 966 479
946 4205 4849 5173 644 4 324 968 480
1349 31476 32288 32445 812 7 157 969 481
861 4505 5212 5475 707 4 263 970 482
1273 7586 8544 8556 958 7 12 970 483
1015 31533 32368 32506 835 5 138 973 484
833 30698 31641 31672 943 7 31 974 485
255 6014 6775 6991 761 4 216 977 486
274 35227 35883 36204 656 5 321 977 487
1198 35275 35982 36252 707 4 270 977 488
1338 35817 36470 36794 653 4 324 977 489
504 34655 35477 35636 822 6 159 981 490
475 30738 31672 31721 934 8 49 983 491
1019 38844 39483 39827 639 3 344 983 492
1228 10048 10966 11031 918 5 65 983 493
1255 38904 39588 39887 684 5 299 983 494
1282 13688 14602 14671 914 5 69 983 495
244 34996 35702 35982 706 4 280 986 496
553 8442 9173 9428 731 5 255 986 497
1381 4541 5236 5529 695 4 293 988 498
14 8142 8939 9131 797 4 192 989 499
437 13613 14494 14602 881 8 108 989 500
535 12820 13764 13810 944 9 46 990 501
320 13777 14734 14769 957 6 35 992 502
213 8854 9543 9847 689 5 304 993 503
505 34674 35520 35668 846 6 148 994 504
1386 35236 35886 36230 650 6 344 994 505
103 5721 6449 6716 728 3 267 995 506
344 7558 8471 8553 913 4 82 995 507
434 33969 34859 34964 890 5 105 995 508
635 35149 35879 36145 730 3 266 996 509
764 33986 34937 34984 951 4 47 998 510
1122 8160 8947 9158 787 5 211 998 511
1031 31741 32654 32741 913 7 87 1000 512
680 8472 9225 9473 753 4 248 1001 513
1371 5902 6707 6905 805 7 198 1003 514
86 37441 38160 38445 719 4 285 1004 515
352 5034 5683 6039 649 6 356 1005 516
853 6316 7062 7321 746 5 259 1005 517
542 13722 14671 14728 949 6 57 1006 518
996 6350 7277 7359 927 4 82 1009 519
494 31909 32737 32919 828 5 182 1010 520
952 12721 13666 13731 945 7 65 1010 521
883 13723 14727 14734 1004 6 7 1011 522
804 7453 8457 8466 1004 6 9 1013 523
769 7933 8729 8947 796 6 218 1014 524
1028 31488 32302 32503 814 5 201 1015 525
139 14417 15415 15434 998 7 19 1017 526
338 32759 33773 33777 1014 8 4 1018 527
296 31730 32529 32749 799 5 220 1019 528
109 33316 34239 34336 923 7 97 1020 529
1385 14222 15179 15242 957 5 63 1020 530
394 34862 35626 35883 764 6 257 1021 531
68 14404 15358 15428 954 9 70 1024 532
321 6038 6902 7062 864 6 160 1024 533
169 13714 14658 14740 944 4 82 1026 534
417 5487 6217 6514 730 5 297 1027 535
1053 8243 9002 9271 759 3 269 1028 536
124 33235 34107 34266 872 6 159 1031 537
1317 31690 32506 32722 816 5 216 1032 538
1292 6289 7060 7322 771 4 262 1033 539
17 13847 14804 14881 957 8 77 1034 540
737 6990 8006 8024 1016 6 18 1034 541
453 34072 34998 35107 926 4 109 1035 542
855 5733 6508 6769 775 3 261 1036 543
432 5615 6370 6653 755 4 283 1038 544
480 13692 14603 14730 911 10 127 1038 545
401 5965 6716 7004 751 3 288 1039 546
197 5735 6514 6775 779 6 261 1040 547
671 5637 6403 6679 766 5 276 1042 548
1179 12795 13745 13838 950 5 93 1043 549
507 6326 7187 7371 861 5 184 1045 550
606 13851 14874 14896 1023 5 22 1045 551
666 31042 32047 32087 1005 8 40 1045 552
851 19933 20971 20978 1038 11 7 1045 553
324 14130 15155 15176 1025 6 21 1046 554
354 9258 10301 10304 1043 6 3 1046 555
272 1924 2613 2971 689 4 358 1047 556
128 33059 33907 34107 848 5 200 1048 557
632 8875 9664 9925 789 4 261 1050 558
818 33017 33799 34068 782 4 269 1051 559
402 5331 6039 6383 708 5 344 1052 560
592 34316 35170 35368 854 7 198 1052 561
1276 21962 22950 23015 988 6 65 1053 562
399 13750 14728 14804 978 7 76 1054 563
1181 31212 32185 32266 973 6 81 1054 564
257 34566 35392 35621 826 4 229 1055 565
1111 33152 34068 34209 916 5 141 1057 566
491 5145 5872 6203 727 4 331 1058 567
1424 13405 14428 14463 1023 11 35 1058 568
254 7565 8534 8627 969 8 93 1062 569
579 33049 33858 34113 809 5 255 1064 570
531 32027 32749 33092 722 5 343 1065 571
149 22825 23869 23891 1044 6 22 1066 572
411 6210 6991 7277 781 4 286 1067 573
839 31175 32163 32243 988 5 80 1068 574
1037 5183 5951 6251 768 4 300 1068 575
1138 14487 15434 15555 947 8 121 1068 576
299 8705 9507 9774 802 5 267 1069 577
570 21868 22930 22940 1062 7 10 1072 578
1169 23036 24071 24108 1035 8 37 1072 579
1166 8426 9158 9499 732 5 341 1073 580
612 32452 33500 33526 1048 5 26 1074 581
1346 30835 31853 31909 1018 6 56 1074 582
160 8551 9271 9626 720 3 355 1075 583
559 12960 13839 14036 879 7 197 1076 584
691 37380 38111 38456 731 3 345 1076 585
1288 30923 31853 31999 930 6 146 1076 586
1225 31577 32469 32654 892 9 185 1077 587
9 14280 15226 15358 946 9 132 1078 588
1343 32153 32940 33232 787 9 292 1079 589
544 5979 6769 7060 790 4 291 1081 590
336 33264 34207 34346 943 6 139 1082 591
537 31219 32203 32302 984 5 99 1083 592
1401 30793 31780 31881 987 6 101 1088 593
862 7306 8328 8395 1022 5 67 1089 594
933 13785 14740 14874 955 4 134 1089 595
471 9211 10203 10301 992 6 98 1090 596
1057 8135 8930 9225 795 4 295 1090 597
704 34787 35621 35879 834 4 258 1092 598
1141 34497 35327 35590 830 6 263 1093 599
166 9234 10216 10328 982 4 112 1094 600
294 14406 15405 15500 999 8 95 1094 601
1079 13108 14199 14202 1091 7 3 1094 602
232 31254 32240 32350 986 7 110 1096 603
1390 5591 6367 6687 776 6 320 1096 604
529 21831 22841 22930 1010 6 89 1099 605
859 11670 12734 12769 1064 8 35 1099 606
1342 7264 8320 8363 1056 7 43 1099 607
713 8996 9925 10097 929 5 172 1101 608
1155 10200 11303 11303 1103 7 0 1103 609
642 34158 35028 35262 870 5 234 1104 610
774 22655 23622 23759 967 7 137 1104 611
1244 32163 33014 33267 851 7 253 1104 612
4 33556 34601 34661 1045 7 60 1105 613
1023 6112 6963 7217 851 6 254 1105 614
415 22965 23978 24071 1013 7 93 1106 615
407 9651 10617 10758 966 4 141 1107 616
1239 31056 32079 32163 1023 5 84 1107 617
500 31797 32693 32906 896 7 213 1109 618
1082 8919 9799 10028 880 6 229 1109 619
1130 8635 9428 9744 793 4 316 1109 620
1263 33668 34721 34781 1053 6 60 1113 621
1034 9846 10875 10961 1029 5 86 1115 622
405 8991 9815 10107 824 3 292 1116 623
1368 13611 14478 14727 867 6 249 1116 624
493 5785 6680 6902 895 6 222 1117 625
158 31705 32510 32823 805 6 313 1118 626
333 23194 24240 24312 1046 9 72 1118 627
87 11758 12769 12877 1011 9 108 1119 628
574 14107 15119 15226 1012 8 107 1119 629
921 34583 35476 35702 893 7 226 1119 630
203 12603 13646 13725 1043 8 79 1122 631
874 11787 12827 12909 1040 5 82 1122 632
1187 32466 33526 33588 1060 6 62 1122 633
1254 33737 34731 34859 994 7 128 1122 634
200 10232 11303 11355 1071 8 52 1123 635
312 23009 23985 24133 976 4 148 1124 636
372 32649 33729 33773 1080 9 44 1124 637
984 32662 33740 33787 1078 7 47 1125 638
1151 14054 15051 15179 997 5 128 1125 639
518 12879 13793 14005 914 5 212 1126 640
590 12666 13656 13793 990 5 137 1127 641
832 12433 13531 13560 1098 7 29 1127 642
489 33079 33959 34207 880 5 248 1128 643
664 34257 35151 35385 894 6 234 1128 644
645 33826 34824 34955 998 8 131 1129 645
1354 6332 7232 7461 900 7 229 1129 646
3 32168 33027 33298 859 8 271 1130 647
986 12515 13560 13646 1045 8 86 1131 648
819 12963 13901 14095 938 4 194 1132 649
135 30671 31628 31804 957 4 176 1133 650
870 13901 14989 15034 1088 9 45 1133 651
836 10236 11335 11370 1099 6 35 1134 652
1140 7935 8779 9070 844 7 291 1135 653
583 6428 7371 7564 943 6 193 1136 654
1132 32417 33471 33553 1054 6 82 1136 655
1137 12399 13507 13535 1108 8 28 1136 656
1402 6362 7321 7499 959 6 178 1137 657
137 9735 10811 10873 1076 6 62 1138 658
449 33101 33986 34239 885 6 253 1138 659
1248 13663 14497 14802 834 5 305 1139 660
1433 21853 22857 22992 1004 10 135 1139 661
40 9021 10028 10161 1007 6 133 1140 662
133 11741 12739 12881 998 7 142 1140 663
143 21968 22961 23108 993 6 147 1140 664
164 14077 15052 15218 975 7 166 1141 665
277 8673 9499 9815 826 4 316 1142 666
620 8880 9744 10022 864 4 278 1142 667
1095 34008 34964 35151 956 6 187 1143 668
348 10060 11034 11205 974 5 171 1145 669
268 19824 20959 20971 1135 10 12 1147 670
264 12445 13535 13593 1090 9 58 1148 671
626 9179 10161 10327 982 6 166 1148 672
516 32390 33410 33539 1020 9 129 1149 673
74 32108 32906 33260 798 5 354 1152 674
256 21778 22839 22930 1061 6 91 1152 675
1150 9335 10342 10487 1007 5 145 1152 676
162 30449 31539 31603 1090 7 64 1154 677
174 20802 21820 21958 1018 9 138 1156 678
932 9298 10328 10454 1030 5 126 1156 679
326 30948 31909 32105 961 6 196 1157 680
548 32353 33398 33511 1045 5 113 1158 681
964 19786 20930 20944 1144 6 14 1158 682
1374 32342 33364 33500 1022 4 136 1158 683
864 7079 8043 8238 964 5 195 1159 684
789 8639 9445 9799 806 8 354 1160 685
353 20432 21564 21593 1132 9 29 1161 686
678 8992 9847 10153 855 5 306 1161 687
566 10433 11487 11595 1054 10 108 1162 688
746 7382 8363 8544 981 6 181 1162 689
1021 6399 7322 7561 923 4 239 1162 690
173 31077 32105 32240 1028 7 135 1163 691
346 20091 21204 21254 1113 7 50 1163 692
1013 6880 7978 8043 1098 6 65 1163 693
1219 10010 10961 11173 951 6 212 1163 694
269 14598 15717 15763 1119 7 46 1165 695
113 31037 31960 32203 923 6 243 1166 696
234 34701 35536 35867 835 5 331 1166 697
654 12341 13487 13507 1146 8 20 1166 698
1335 34003 34955 35170 952 7 215 1167 699
1409 30372 31419 31539 1047 6 120 1167 700
509 30391 31450 31559 1059 8 109 1168 701
1300 20423 21514 21591 1091 6 77 1168 702
551 7365 8332 8534 967 7 202 1169 703
605 31522 32350 32691 828 7 341 1169 704
902 20101 21217 21270 1116 8 53 1169 705
1227 11570 12662 12739 1092 7 77 1169 706
1302 13136 14202 14307 1066 8 105 1171 707
722 7557 8466 8729 909 6 263 1172 708
1172 7607 8556 8779 949 8 223 1172 709
1270 32192 33092 33364 900 4 272 1172 710
404 33651 34661 34824 1010 7 163 1173 711
969 31562 32465 32737 903 6 272 1175 712
327 20863 22020 22039 1157 10 19 1176 713
596 32222 33260 33398 1038 6 138 1176 714
163 22465 23454 23642 989 6 188 1177 715
313 20836 21958 22013 1122 10 55 1177 716
721 21657 22804 22834 1147 6 30 1177 717
1020 33424 34499 34601 1075 8 102 1177 718
131 31351 32243 32529 892 6 286 1178 719
101 22582 23490 23761 908 6 271 1179 720
951 5751 6653 6930 902 4 277 1179 721
1268 33320 34336 34499 1016 8 163 1179 722
16 13847 14802 15027 955 5 225 1180 723
530 7148 8150 8328 1002 6 178 1180 724
546 9273 10327 10453 1054 6 126 1180 725
216 9022 10090 10203 1068 5 113 1181 726
335 31075 32087 32257 1012 8 170 1182 727
1304 13420 14461 14602 1041 5 141 1182 728
552 12581 13593 13764 1012 8 171 1183 729
591 11925 12968 13108 1043 4 140 1183 730
901 7819 8706 9002 887 4 296 1183 731
227 20380 21495 21564 1115 8 69 1184 732
757 21627 22767 22812 1140 5 45 1185 733
915 23071 24204 24256 1133 6 52 1185 734
1327 34351 35235 35536 884 6 301 1185 735
217 6455 7564 7641 1109 6 77 1186 736
385 34278 35169 35465 891 5 296 1187 737
636 13291 14407 14478 1116 7 71 1187 738
377 33654 34699 34842 1045 5 143 1188 739
443 32221 33232 33410 1011 10 178 1189 740
1262 21291 22439 22480 1148 6 41 1189 741
914 23014 24052 24204 1038 5 152 1190 742
761 12710 13664 13901 954 4 237 1191 743
1142 22678 23661 23869 983 6 208 1191 744
1311 22036 23094 23227 1058 5 133 1191 745
1417 19938 20978 21129 1040 12 151 1191 746
57 14524 15531 15717 1007 6 186 1193 747
726 11141 12289 12334 1148 7 45 1193 748
801 13585 14463 14778 878 8 315 1193 749
941 14520 15500 15713 980 8 213 1193 750
386 23198 24256 24392 1058 6 136 1194 751
934 21485 22676 22679 1191 12 3 1194 752
271 9680 10758 10875 1078 5 117 1195 753
283 23044 24108 24240 1064 9 132 1196 754
1038 22597 23521 23794 924 6 273 1197 755
1275 13175 14323 14372 1148 6 49 1197 756
503 9367 10367 10565 1000 4 198 1198 757
1105 9018 10022 10216 1004 5 194 1198 758
639 31877 32722 33076 845 5 354 1199 759
1285 21392 22551 22591 1159 11 40 1199 760
508 6075 6930 7275 855 4 345 1200 761
215 10653 11813 11855 1160 7 42 1202 762
1384 14287 15242 15489 955 6 247 1202 763
1387 33256 34113 34458 857 5 345 1202 764
638 10061 11056 11264 995 6 208 1203 765
1163 12790 13731 13993 941 6 262 1203 766
265 32525 33539 33729 1014 8 190 1204 767
281 9163 10153 10367 990 5 214 1204 768
464 23306 24500 24510 1194 6 10 1204 769
1096 8886 9774 10090 888 6 316 1204 770
771 7115 8107 8320 992 6 213 1205 771
647 13952 15034 15159 1082 10 125 1207 772
920 32574 33673 33783 1099 4 110 1209 773
1337 32531 33585 33740 1054 6 155 1209 774
82 20279 21459 21489 1180 9 30 1210 775
751 22065 23227 23275 1162 6 48 1210 776
783 22310 23435 23521 1125 6 86 1211 777
787 6419 7359 7630 940 5 271 1211 778
1236 34016 34984 35229 968 5 245 1213 779
1399 10700 11872 11913 1172 7 41 1213 780
943 12272 13412 13487 1140 7 75 1215 781
501 33808 34781 35025 973 4 244 1217 782
366 23535 24706 24753 1171 6 47 1218 783
524 14859 16028 16077 1169 8 49 1218 784
511 29314 30523 30534 1209 7 11 1220 785
446 12165 13206 13386 1041 8 180 1221 786
978 12966 13993 14187 1027 6 194 1221 787
1271 23040 24072 24261 1032 5 189 1221 788
669 13829 14778 15051 949 6 273 1222 789
1202 9395 10452 10617 1057 4 165 1222 790
825 33385 34458 34608 1073 6 150 1223 791
1416 20569 21767 21792 1198 7 25 1223 792
179 6457 7569 7681 1112 4 112 1224 793
229 20560 21754 21784 1194 9 30 1224 794
649 32735 33751 33959 1016 7 208 1224 795
199 10562 11682 11787 1120 6 105 1225 796
293 32526 33553 33751 1027 6 198 1225 797
954 6344 7275 7569 931 4 294 1225 798
686 12973 14036 14199 1063 7 163 1226 799
1336 11038 12264 12264 1226 6 0 1226 800
1353 12305 13417 13531 1112 6 114 1226 801
193 22174 23312 23401 1138 7 89 1227 802
1052 33268 34209 34495 941 5 286 1227 803
1321 21862 22930 23089 1068 6 159 1227 804
525 9738 10832 10966 1094 5 134 1228 805
585 21047 22264 22275 1217 10 11 1228 806
725 33319 34266 34547 947 6 281 1228 807
523 32181 33076 33410 895 5 334 1229 808
1355 34162 35107 35392 945 5 285 1230 809
259 23062 24133 24293 1071 5 160 1231 810
950 20232 21393 21463 1161 8 70 1231 811
47 13757 14730 14989 973 10 259 1232 812
623 14374 15294 15606 920 4 312 1232 813
703 12181 13386 13413 1205 9 27 1232 814
736 14656 15763 15888 1107 8 125 1232 815
1283 22820 23794 24052 974 5 258 1232 816
383 14182 15176 15415 994 7 239 1233 817
521 30547 31559 31780 1012 7 221 1233 818
1055 10070 11173 11303 1103 7 130 1233 819
1299 12961 13874 14195 913 10 321 1234 820
903 21441 22591 22676 1150 11 85 1235 821
1158 11170 12374 12405 1204 9 31 1235 822
51 14168 15159 15405 991 10 246 1237 823
1400 21713 22834 22950 1121 7 116 1237 824
813 11335 12557 12573 1222 8 16 1238 825
913 19723 20921 20962 1198 9 41 1239 826
304 29142 30328 30383 1186 8 55 1241 827
604 10245 11355 11487 1110 9 132 1242 828
1259 10093 11205 11335 1112 6 130 1242 829
673 14784 15959 16028 1175 7 69 1244 830
718 11414 12656 12659 1242 7 3 1245 831
206 11956 13108 13202 1152 5 94 1246 832
527 9586 10565 10832 979 4 267 1246 833
1249 32225 33267 33471 1042 7 204 1246 834
1014 19970 21129 21217 1159 7 88 1247 835
1085 9432 10487 10680 1055 6 193 1248 836
1184 20090 21199 21338 1109 8 139 1248 837
1308 29231 30431 30479 1200 7 48 1248 838
263 10272 11370 11523 1098 7 153 1251 839
8 21299 22440 22551 1141 10 111 1252 840
220 30049 31212 31301 1163 6 89 1252 841
251 30933 31881 32185 948 7 304 1252 842
582 14520 15489 15772 969 5 283 1252 843
982 9704 10808 10956 1104 7 148 1252 844
1314 20243 21419 21495 1176 8 76 1252 845
510 10416 11443 11669 1027 6 226 1253 846
306 30793 31721 32047 928 7 326 1254 847
170 23567 24753 24822 1186 7 69 1255 848
545 9973 10956 11228 983 7 272 1255 849
123 10943 12135 12199 1192 7 64 1256 850
1439 12130 13192 13386 1062 7 194 1256 851
36 13794 14769 15052 975 7 283 1258 852
392 7145 8110 8403 965 6 293 1258 853
441 20905 22039 22163 1134 11 124 1258 854
1134 19941 21060 21199 1119 8 139 1258 855
279 14272 15218 15531 946 7 313 1259 856
315 29950 31129 31209 1179 7 80 1259 857
380 14457 15428 15716 971 10 288 1259 858
1083 10407 11417 11666 1010 5 249 1259 859
512 22718 23761 23978 1043 7 217 1260 860
924 11900 12881 13161 981 6 280 1261 861
974 14698 15888 15959 1190 9 71 1261 862
977 6889 8003 8150 1114 7 147 1261 863
1170 9269 10304 10530 1035 7 226 1261 864
1176 6590 7681 7851 1091 5 170 1261 865
711 10629 11787 11891 1158 6 104 1262 866
608 29064 30270 30328 1206 8 58 1264 867
23 30588 31603 31853 1015 6 250 1265 868
126 13890 14896 15155 1006 6 259 1265 869
130 19939 21000 21204 1061 6 204 1265 870
1212 10178 11264 11443 1086 7 179 1265 871
209 22066 23275 23332 1209 7 57 1266 872
393 13231 14372 14497 1141 7 125 1266 873
893 7191 8238 8457 1047 6 219 1266 874
895 22675 23642 23941 967 6 299 1266 875
619 13852 14881 15119 1029 9 238 1267 876
104 21409 22565 22677 1156 5 112 1268 877
376 33463 34547 34731 1084 7 184 1268 878
1429 20825 21842 22094 1017 6 252 1269 879
358 29507 30763 30777 1256 9 14 1270 880
75 11920 12909 13191 989 6 282 1271 881
308 11301 12545 12573 1244 5 28 1272 882
1264 29395 30605 30668 1210 8 63 1273 883
640 33136 34051 34410 915 7 359 1274 884
466 30578 31586 31853 1008 6 267 1275 885
869 30804 31804 32079 1000 5 275 1275 886
250 7056 8024 8332 968 7 308 1276 887
451 21684 22812 22961 1128 6 149 1277 888
1003 32308 33298 33585 990 7 287 1277 889
1216 9678 10680 10955 1002 5 275 1277 890
621 20231 21338 21509 1107 9 171 1278 891
161 13182 14331 14461 1149 6 130 1279 892
519 10593 11787 11872 1194 6 85 1279 893
1377 14900 16129 16179 1229 6 50 1279 894
189 22705 23730 23985 1025 5 255 1280 895
786 6826 7977 8107 1151 6 130 1281 896
1206 32770 33777 34051 1007 9 274 1281 897
470 20665 21794 21948 1129 8 154 1283 898
1345 9059 10097 10342 1038 5 245 1283 899
175 10169 11250 11453 1081 5 203 1284 900
672 23579 24822 24863 1243 8 41 1284 901
949 7606 8553 8890 947 4 337 1284 902
0 20938 22051 22223 1113 7 172 1285 903
379 33356 34346 34641 990 6 295 1285 904
790 21155 22275 22440 1120 11 165 1285 905
594 20468 21712 21754 1244 9 42 1286 906
167 22374 23452 23661 1078 9 209 1287 907
1196 32386 33410 33673 1024 4 263 1287 908
1289 12762 13725 14049 963 7 324 1287 909
444 28618 29849 29906 1231 7 57 1288 910
791 33411 34495 34699 1084 5 204 1288 911
34 6642 7851 7931 1209 6 80 1289 912
810 7650 8627 8939 977 8 312 1289 913
1241 31037 31999 32326 962 6 327 1289 914
439 23210 24293 24500 1083 5 207 1290 915
838 9161 10107 10452 946 3 345 1291 916
1221 13033 14095 14331 1062 5 236 1298 917
1408 33868 34842 35168 974 5 326 1300 918
1414 10117 11228 11417 1111 7 189 1300 919
487 22010 23015 23312 1005 7 297 1302 920
676 6806 7976 8110 1170 7 134 1304 921
1278 20879 22026 22183 1147 6 157 1304 922
181 28635 29886 29940 1251 6 54 1305 923
550 30145 31244 31450 1099 8 206 1305 924
569 10482 11666 11787 1184 6 121 1305 925
1366 6437 7499 7743 1062 6 244 1306 926
992 19661 20910 20968 1249 8 58 1307 927
1046 23180 24221 24490 1041 6 269 1310 928
1242 10674 11855 11984 1181 8 129 1310 929
414 29901 31093 31212 1192 5 119 1311 930
492 13096 14187 14407 1091 7 220 1311 931
999 9745 10873 11056 1128 6 183 1311 932
1425 23412 24549 24723 1137 8 174 1311 933
878 29932 31117 31244 1185 8 127 1312 934
1159 22178 23332 23490 1154 7 158 1312 935
300 12343 13496 13656 1153 5 160 1313 936
622 7393 8403 8706 1010 5 303 1313 937
905 20105 21254 21419 1149 8 165 1314 938
624 29384 30556 30699 1172 6 143 1315 939
1406 10497 11669 11813 1172 6 144 1316 940
231 12178 13325 13496 1147 6 171 1318 941
1211 23231 24312 24549 1081 9 237 1318 942
1186 29453 30645 30772 1192 8 127 1319 943
328 19809 20944 21129 1135 7 185 1320 944
1067 11669 12711 12989 1042 8 278 1320 945
1009 12091 13191 13412 1100 7 221 1321 946
116 28948 30176 30270 1228 8 94 1322 947
455 11884 12877 13206 993 8 329 1322 948
1313 21199 22398 22521 1199 9 123 1322 949
48 21534 22679 22857 1145 12 178 1323 950
195 7389 8395 8712 1006 6 317 1323 951
52 22882 23941 24206 1059 6 265 1324 952
937 7147 8116 8471 969 4 355 1324 953
959 11387 12595 12711 1208 8 116 1324 954
284 11219 12394 12545 1175 5 151 1326 955
2 30314 31400 31641 1086 7 241 1327 956
1118 13100 14195 14428 1095 11 233 1328 957
662 21970 22992 23299 1022 10 307 1329 958
1180 9478 10530 10808 1052 7 278 1330 959
459 6675 7931 8006 1256 6 75 1331 960
35 10055 11031 11390 976 6 359 1335 961
625 9697 10807 11034 1110 6 227 1337 962
894 20056 21129 21393 1073 11 264 1337 963
365 33382 34410 34721 1028 7 311 1339 964
752 10422 11453 11762 1031 5 309 1340 965
96 6439 7561 7780 1122 5 219 1341 966
1247 10694 11855 12036 1161 7 181 1342 967
1323 32456 33511 33799 1055 6 288 1343 968
659 6633 7841 7977 1208 6 136 1344 969
881 28656 29936 30001 1280 10 65 1345 970
1230 9905 10955 11250 1050 6 295 1345 971
1405 29106 30283 30453 1177 9 170 1347 972
347 14970 16284 16318 1314 9 34 1348 973
614 30280 31390 31628 1110 7 238 1348 974
1325 20166 21317 21514 1151 8 197 1348 975
682 30578 31587 31927 1009 5 340 1349 976
770 12151 13202 13500 1051 5 298 1349 977
699 13944 15027 15294 1083 6 267 1350 978
923 22102 23299 23452 1197 10 153 1350 979
1076 13144 14307 14494 1163 9 187 1350 980
172 20108 21269 21459 1161 8 190 1351 981
710 12972 14005 14323 1033 6 318 1351 982
802 30236 31373 31587 1137 6 214 1351 983
349 21486 22677 22839 1191 6 162 1353 984
627 33584 34608 34937 1024 6 329 1353 985
1071 14962 16241 16315 1279 7 74 1353 986
119 6621 7743 7978 1122 7 235 1357 987
1102 6433 7461 7790 1028 7 329 1357 988
643 29775 31058 31135 1283 7 77 1360 989
413 12384 13500 13745 1116 5 245 1361 990
424 11831 12872 13192 1041 7 320 1361 991
831 22022 23089 23384 1067 6 295 1362 992
1114 11372 12573 12734 1201 9 161 1362 993
429 22709 23759 24072 1050 8 313 1363 994
157 11604 12663 12968 1059 4 305 1364 995
720 33634 34641 34998 1007 5 357 1364 996
858 22258 23401 23622 1143 7 221 1364 997
897 20454 21593 21820 1139 10 227 1366 998
1094 30220 31301 31586 1081 6 285 1366 999
236 28809 30047 30176 1238 8 129 1367 1000
877 14537 15555 15904 1018 9 349 1367 1001
1000 29278 30479 30645 1201 8 166 1367 1002
1 14564 15713 15932 1149 9 219 1368 1003
970 22085 23298 23454 1213 7 156 1369 1004
670 20117 21270 21487 1153 9 217 1370 1005
871 19899 20968 21269 1069 8 301 1370 1006
146 11003 12179 12374 1176 8 195 1371 1007
1109 32541 33588 33913 1047 6 325 1372 1008
1363 14875 16065 16247 1190 7 182 1372 1009
1310 14911 16220 16284 1309 8 64 1373 1010
1116 6629 7790 8003 1161 8 213 1374 1011
180 11950 12989 13325 1039 5 336 1375 1012
522 23745 25015 25121 1270 9 106 1376 1013
1199 29997 31135 31373 1138 6 238 1376 1014
840 23361 24510 24738 1149 7 228 1377 1015
201 23293 24463 24672 1170 6 209 1379 1016
1157 6461 7630 7841 1169 6 211 1380 1017
1309 29338 30534 30719 1196 8 185 1381 1018
1108 12282 13413 13666 1131 10 253 1384 1019
693 29552 30772 30938 1220 7 166 1386 1020
747 11276 12544 12662 1268 7 118 1386 1021
1160 28652 29906 30038 1254 8 132 1386 1022
403 23075 24206 24463 1131 5 257 1388 1023
460 14845 15960 16234 1115 4 274 1389 1024
955 11167 12334 12557 1167 8 223 1390 1025
27 22830 23891 24221 1061 7 330 1391 1026
1407 22044 23108 23435 1064 6 327 1391 1027
1107 23284 24392 24677 1108 7 285 1393 1028
390 10785 11913 12179 1128 9 266 1394 1029
246 10739 11891 12135 1152 7 244 1396 1030
1070 10459 11523 11855 1064 6 332 1396 1031
171 9414 10454 10811 1040 6 357 1397 1032
944 20445 21591 21842 1146 7 251 1397 1033
46 20383 21509 21782 1126 9 273 1399 1034
192 10283 11390 11682 1107 6 292 1399 1035
127 30000 31209 31400 1209 8 191 1400 1036
416 14560 15606 15960 1046 4 354 1400 1037
1348 24469 25833 25869 1364 7 36 1400 1038
373 28409 29798 29810 1389 11 12 1401 1039
7 21896 22940 23298 1044 8 358 1402 1040
655 23303 24490 24706 1187 6 216 1403 1041
184 21690 22827 23094 1137 5 267 1404 1042
1229 11252 12405 12656 1153 9 251 1404 1043
484 20992 22163 22398 1171 9 235 1406 1044
1010 24681 26061 26087 1380 6 26 1406 1045
1075 20361 21489 21767 1128 8 278 1406 1046
528 9400 10453 10807 1053 6 354 1407 1047
235 23419 24614 24829 1195 5 215 1410 1048
1436 12253 13386 13664 1133 7 278 1411 1049
1156 20608 21784 22020 1176 10 236 1412 1050
1008 21003 22183 22416 1180 7 233 1413 1051
688 21389 22532 22804 1143 7 272 1415 1052
716 28887 30159 30302 1272 7 143 1415 1053
617 23198 24261 24614 1063 6 353 1416 1054
6 29216 30399 30636 1183 7 237 1420 1055
91 29456 30668 30876 1212 9 208 1420 1056
473 12975 14049 14395 1074 7 346 1420 1057
433 23615 24829 25037 1214 6 208 1422 1058
576 13235 14395 14658 1160 7 263 1423 1059
1331 11449 12659 12872 1210 8 213 1423 1060
1435 20289 21463 21712 1174 9 249 1423 1061
700 24125 25499 25549 1374 8 50 1424 1062
458 20839 22013 22264 1174 11 251 1425 1063
633 19224 20548 20649 1324 8 101 1425 1064
54 23964 25312 25390 1348 10 78 1426 1065
867 19891 20962 21317 1071 9 355 1426 1066
1203 20625 21792 22051 1167 8 259 1426 1067
134 24405 25712 25833 1307 7 121 1428 1068
270 11988 13161 13417 1173 7 256 1429 1069
1334 19431 20775 20867 1344 7 92 1436 1070
1182 20828 21948 22266 1120 8 318 1438 1071
440 29166 30383 30605 1217 9 222 1439 1072
1145 24383 25688 25822 1305 7 134 1439 1073
1092 23443 24672 24883 1229 6 211 1440 1074
409 29648 30977 31093 1329 6 116 1445 1075
935 21120 22266 22565 1146 7 299 1445 1076
369 19081 20482 20527 1401 12 45 1446 1077
976 10465 11595 11913 1130 10 318 1448 1078
687 29107 30302 30556 1195 7 254 1449 1079
1059 23800 25119 25249 1319 6 130 1449 1080
1193 20577 21782 22026 1205 6 244 1449 1081
204 20989 22094 22439 1105 5 345 1450 1082
865 18882 20326 20334 1444 6 8 1452 1083
176 24490 25868 25943 1378 6 75 1453 1084
1233 28770 30038 30223 1268 9 185 1453 1085
330 10852 12036 12306 1184 7 270 1454 1086
1357 11373 12573 12827 1200 6 254 1454 1087
961 14763 15932 16220 1169 7 288 1457 1088
419 29475 30719 30933 1244 9 214 1458 1089
266 29064 30223 30523 1159 8 300 1459 1090
784 23554 24723 25015 1169 8 292 1461 1091
1035 24226 25656 25688 1430 7 32 1462 1092
1183 29586 30777 31048 1191 10 271 1462 1093
1017 24142 25549 25605 1407 9 56 1463 1094
396 21363 22480 22827 1117 6 347 1464 1095
467 14963 16247 16427 1284 7 180 1464 1096
1060 24839 26217 26304 1378 9 87 1465 1097
61 23555 24738 25021 1183 7 283 1466 1098
1194 10822 11984 12289 1162 8 305 1467 1099
694 19014 20434 20482 1420 11 48 1468 1100
919 28963 30202 30431 1239 8 229 1468 1101
929 21372 22521 22841 1149 10 320 1469 1102
15 14659 15772 16129 1113 6 357 1470 1103
153 24347 25684 25818 1337 10 134 1471 1104
975 11124 12264 12595 1140 7 331 1471 1105
178 24211 25605 25684 1394 10 79 1473 1106
753 20320 21487 21794 1167 8 307 1474 1107
741 14590 15716 16065 1126 10 349 1475 1108
105 29650 31048 31129 1398 11 81 1479 1109
248 18954 20393 20434 1439 10 41 1480 1110
1246 29594 30876 31076 1282 9 200 1482 1111
1427 10780 11913 12264 1133 8 351 1484 1112
1395 24697 26087 26183 1390 7 96 1486 1113
538 23631 24883 25119 1252 6 236 1488 1114
1358 23989 25390 25477 1401 10 87 1488 1115
995 6627 7780 8116 1153 5 336 1489 1116
148 24663 26038 26153 1375 8 115 1490 1117
759 28107 29556 29597 1449 13 41 1490 1118
973 14894 16077 16387 1183 9 310 1493 1119
145 29924 31102 31419 1178 7 317 1495 1120
89 11167 12306 12663 1139 7 357 1496 1121
603 19244 20639 20740 1395 9 101 1496 1122
1126 14744 15904 16241 1160 8 337 1497 1123
1231 28661 29940 30159 1279 7 219 1498 1124
374 29602 30933 31102 1331 9 169 1500 1125
1005 29617 30938 31117 1321 7 179 1500 1126
187 6475 7641 7976 1166 7 335 1501 1127
1258 19045 20477 20548 1432 8 71 1503 1128
141 14908 16179 16412 1271 7 233 1504 1129
872 24586 25943 26090 1357 7 147 1504 1130
762 22223 23384 23730 1161 7 346 1507 1131
237 23804 25121 25312 1317 9 191 1508 1132
807 19491 20867 21000 1376 8 133 1509 1133
812 29253 30453 30763 1200 9 310 1510 1134
597 23444 24677 24955 1233 7 278 1511 1135
1133 23941 25249 25452 1308 6 203 1511 1136
533 28690 29952 30202 1262 9 250 1512 1137
1298 23635 24955 25148 1320 7 193 1513 1138
147 18749 20209 20264 1460 8 55 1515 1139
292 28248 29729 29763 1481 10 34 1515 1140
69 28095 29524 29611 1429 9 87 1516 1141
567 18054 19486 19571 1432 8 85 1517 1142
485 24541 25936 26061 1395 5 125 1520 1143
177 15487 16948 17009 1461 7 61 1522 1144
677 21010 22223 22532 1213 7 309 1522 1145
628 28255 29763 29779 1508 11 16 1524 1146
463 24618 26020 26144 1402 8 124 1526 1147
112 21239 22416 22767 1177 6 351 1528 1148
241 23989 25329 25517 1340 6 188 1528 1149
50 25449 26973 26978 1524 9 5 1529 1150
425 24432 25818 25961 1386 11 143 1529 1151
1365 15119 16625 16648 1506 8 23 1529 1152
1235 15267 16722 16797 1455 6 75 1530 1153
49 15992 17523 17524 1531 9 1 1532 1154
781 10862 12111 12394 1249 5 283 1532 1155
41 10577 11762 12111 1185 5 349 1534 1156
1217 28193 29674 29729 1481 10 55 1536 1157
667 18811 20264 20350 1453 9 86 1539 1158
1361 11005 12199 12544 1194 7 345 1539 1159
1104 23783 25037 25329 1254 5 292 1546 1160
1312 15078 16427 16625 1349 8 198 1547 1161
602 23758 25021 25315 1263 7 294 1557 1162
565 25396 26947 26954 1551 8 7 1558 1163
1253 15059 16387 16618 1328 9 231 1559 1164
910 27963 29495 29524 1532 8 29 1561 1165
749 28837 30141 30399 1304 9 258 1562 1166
1197 19368 20767 20930 1399 7 163 1562 1167
534 19358 20740 20921 1382 9 181 1563 1168
889 18662 20195 20225 1533 7 30 1563 1169
30 23621 24863 25186 1242 9 323 1565 1170
572 23886 25148 25452 1262 7 304 1566 1171
1123 24944 26456 26511 1512 8 55 1567 1172
93 29821 31076 31390 1255 9 314 1569 1173
325 27925 29434 29495 1509 7 61 1570 1174
1207 28068 29517 29640 1449 8 123 1572 1175
558 28360 29779 29936 1419 12 157 1576 1176
1421 23920 25186 25499 1266 7 313 1579 1177
24 29397 30636 30977 1239 7 341 1580 1178
1098 15344 16894 16926 1550 8 32 1582 1179
278 24521 25869 26104 1348 8 235 1583 1180
708 18894 20334 20477 1440 7 143 1583 1181
1018 28698 30001 30283 1303 10 282 1585 1182
1423 19160 20527 20745 1367 12 218 1585 1183
155 29472 30699 31058 1227 7 359 1586 1184
307 24449 25822 26038 1373 7 216 1589 1185
689 19185 20530 20775 1345 8 245 1590 1186
543 18802 20254 20393 1452 9 139 1591 1187
554 25296 26877 26887 1581 8 10 1591 1188
1418 15303 16797 16894 1494 7 97 1591 1189
904 19173 20528 20767 1355 7 239 1594 1190
800 18875 20326 20471 1451 13 145 1596 1191
56 18933 20360 20530 1427 8 170 1597 1192
609 25480 27048 27080 1568 12 32 1600 1193
653 24617 25961 26217 1344 11 256 1600 1194
252 24055 25452 25656 1397 7 204 1601 1195
400 15622 17168 17224 1546 11 56 1602 1196
513 16498 18056 18102 1558 10 46 1604 1197
1350 16452 18016 18056 1564 9 40 1604 1198
1022 24872 26304 26477 1432 9 173 1605 1199
1260 24414 25717 26020 1303 8 303 1606 1200
260 28533 29810 30141 1277 9 331 1608 1201
755 16436 18008 18045 1572 10 37 1609 1202
1024 19301 20649 20910 1348 9 261 1609 1203
310 15244 16711 16856 1467 10 145 1612 1204
850 27698 29301 29310 1603 8 9 1612 1205
854 15099 16618 16711 1519 10 93 1612 1206
1058 15023 16318 16637 1295 9 319 1614 1207
1411 18070 19497 19684 1427 10 187 1614 1208
1369 15538 17063 17154 1525 6 91 1616 1209
262 14927 16234 16549 1307 5 315 1622 1210
1091 24094 25477 25717 1383 10 240 1623 1211
1274 17596 19208 19222 1612 8 14 1626 1212
936 19035 20471 20663 1436 12 192 1628 1213
1063 18198 19684 19826 1486 11 142 1628 1214
364 19328 20663 20959 1335 12 296 1631 1215
1208 24081 25452 25712 1371 7 260 1631 1216
675 15745 17257 17377 1512 6 120 1632 1217
1129 17628 19222 19261 1594 9 39 1633 1218
1032 28247 29723 29886 1476 7 163 1639 1219
1344 24735 26104 26375 1369 8 271 1640 1220
1281 15592 17077 17233 1485 8 156 1641 1221
287 15093 16549 16736 1456 5 187 1643 1222
447 16115 17739 17763 1624 8 24 1648 1223
1089 27839 29355 29488 1516 10 133 1649 1224
1117 18485 20108 20136 1623 12 28 1651 1225
918 24950 26477 26603 1527 10 126 1653 1226
140 17978 19474 19632 1496 9 158 1654 1227
1307 15864 17504 17519 1640 7 15 1655 1228
641 15062 16412 16722 1350 7 310 1660 1229
64 24795 26183 26456 1388 7 273 1661 1230
1234 18665 20203 20326 1538 13 123 1661 1231
1266 25284 26843 26947 1559 8 104 1663 1232
698 15772 17313 17438 1541 8 125 1666 1233
1364 15215 16637 16881 1422 8 244 1666 1234
32 16750 18404 18420 1654 8 16 1670 1235
156 18422 20048 20097 1626 11 49 1675 1236
679 18432 20097 20108 1665 12 11 1676 1237
1297 24260 25664 25936 1404 7 272 1676 1238
1144 28119 29597 29798 1478 14 201 1679 1239
963 18310 19977 19990 1667 8 13 1680 1240
183 17769 19384 19450 1615 10 66 1681 1241
967 25448 26971 27130 1523 9 159 1682 1242
1042 16324 17971 18008 1647 6 37 1684 1243
1125 25647 27281 27336 1634 9 55 1689 1244
1291 17549 19201 19238 1652 10 37 1689 1245
1403 16634 18291 18323 1657 11 32 1689 1246
1168 14974 16315 16664 1341 8 349 1690 1247
690 17693 19261 19384 1568 10 123 1691 1248
719 23970 25315 25664 1345 8 349 1694 1249
191 28154 29640 29849 1486 9 209 1695 1250
957 19364 20745 21060 1381 10 315 1696 1251
1110 16734 18331 18432 1597 7 101 1698 1252
616 24754 26144 26453 1390 8 309 1699 1253
991 25000 26489 26699 1489 8 210 1699 1254
398 16558 18146 18258 1588 8 112 1700 1255
1113 25656 27326 27357 1670 12 31 1701 1256
823 18657 20145 20360 1488 8 215 1703 1257
988 18131 19571 19834 1440 7 263 1703 1258
1152 25787 27475 27492 1688 7 17 1705 1259
811 15235 16664 16942 1429 7 278 1707 1260
219 18494 20136 20203 1642 13 67 1709 1261
822 18264 19871 19977 1607 7 106 1713 1262
777 16301 17947 18016 1646 9 69 1715 1263
1174 25126 26763 26843 1637 7 80 1717 1264
843 27798 29310 29517 1512 9 207 1719 1265
1269 18224 19819 19943 1595 10 124 1719 1266
100 15225 16648 16948 1423 9 300 1723 1267
499 25510 27130 27237 1620 10 107 1727 1268
397 24761 26153 26489 1392 8 336 1728 1269
1223 25503 27080 27231 1577 12 151 1728 1270
367 18910 20350 20639 1440 9 289 1729 1271
709 18796 20225 20528 1429 7 303 1732 1272
1238 24135 25517 25868 1382 6 351 1733 1273
650 25233 26794 26971 1561 9 177 1738 1274
1165 28309 29765 30047 1456 9 282 1738 1275
110 25584 27237 27326 1653 11 89 1742 1276
793 25795 27483 27538 1688 11 55 1743 1277
45 24701 26090 26446 1389 7 356 1745 1278
10 27403 29044 29151 1641 14 107 1748 1279
90 18300 19943 20048 1643 11 105 1748 1280
477 16763 18420 18517 1657 9 97 1754 1281
989 15321 16881 17077 1560 9 196 1756 1282
29 18114 19546 19871 1432 6 325 1757 1283
845 16115 17763 17873 1648 9 110 1758 1284
876 15764 17266 17523 1502 9 257 1759 1285
422 15296 16736 17063 1440 5 327 1767 1286
887 25777 27430 27546 1653 9 116 1769 1287
1419 25275 26813 27048 1538 11 235 1773 1288
107 25015 26511 26794 1496 9 283 1779 1289
288 17429 19132 19208 1703 9 76 1779 1290
968 25096 26729 26877 1633 9 148 1781 1291
767 25364 26887 27149 1523 9 262 1785 1292
1391 15831 17438 17616 1607 9 178 1785 1293
1347 25452 26978 27239 1526 9 261 1787 1294
318 25862 27546 27650 1684 9 104 1788 1295
481 17697 19382 19485 1685 11 103 1788 1296
841 17220 18919 19008 1699 10 89 1788 1297
658 27565 29278 29355 1713 10 77 1790 1298
1306 18131 19632 19921 1501 8 289 1790 1299
83 17264 19008 19056 1744 10 48 1792 1300
697 16014 17524 17806 1510 10 282 1792 1301
634 16553 18102 18348 1549 11 246 1795 1302
1164 26896 28633 28691 1737 11 58 1795 1303
295 25017 26603 26813 1586 11 210 1796 1304
72 16165 17874 17962 1709 9 88 1797 1305
1128 16100 17735 17898 1635 8 163 1798 1306
1367 24909 26453 26707 1544 9 254 1798 1307
908 15935 17519 17735 1584 8 216 1800 1308
1420 15720 17233 17520 1513 8 287 1800 1309
357 17445 19138 19251 1693 8 113 1806 1310
85 27374 29033 29181 1659 10 148 1807 1311
332 15447 16942 17257 1495 6 315 1810 1312
563 18219 19694 20029 1475 10 335 1810 1313
33 28141 29611 29952 1470 10 341 1811 1314
289 25464 27016 27275 1552 7 259 1811 1315
1093 18005 19485 19819 1480 10 334 1814 1316
1333 27219 28955 29033 1736 11 78 1814 1317
129 26818 28545 28633 1727 11 88 1815 1318
788 15498 17009 17313 1511 8 304 1815 1319
888 16589 18252 18404 1663 8 152 1815 1320
900 16476 18045 18291 1569 11 246 1815 1321
1148 16785 18432 18602 1647 8 170 1817 1322
395 16821 18517 18639 1696 10 122 1818 1323
1100 27563 29250 29381 1687 8 131 1818 1324
1136 17876 19450 19694 1574 11 244 1818 1325
1209 17006 18761 18825 1755 11 64 1819 1326
1413 27855 29408 29674 1553 10 266 1819 1327
702 27454 29151 29279 1697 15 128 1825 1328
450 18255 19834 20082 1579 8 248 1827 1329
994 16853 18608 18680 1755 12 72 1827 1330
198 27244 28956 29073 1712 10 117 1829 1331
731 15906 17508 17739 1602 10 231 1833 1332
1011 16738 18348 18576 1610 10 228 1838 1333
1097 27925 29488 29765 1563 11 277 1840 1334
108 27428 29073 29278 1645 11 205 1850 1335
916 24878 26375 26729 1497 9 354 1851 1336
408 27281 29030 29133 1749 7 103 1852 1337
18 27177 28951 29030 1774 7 79 1853 1338
1139 25423 26954 27281 1531 9 327 1858 1339
226 25616 27275 27475 1659 7 200 1859 1340
1214 24902 26446 26763 1544 7 317 1861 1341
637 27043 28791 28905 1748 13 114 1862 1342
911 15305 16856 17168 1551 11 312 1863 1343
611 16876 18639 18741 1763 11 102 1865 1344
586 15642 17224 17508 1582 12 284 1866 1345
684 18343 19990 20209 1647 8 219 1866 1346
21 16130 17806 17998 1676 10 192 1868 1347
1041 17629 19238 19497 1609 11 259 1868 1348
1396 27853 29381 29723 1528 8 342 1870 1349
1185 27534 29181 29408 1647 11 227 1874 1350
1398 26652 28492 28528 1840 13 36 1876 1351
1074 16130 17873 18008 1743 10 135 1878 1352
1081 27077 28892 28956 1815 11 64 1879 1353
723 27058 28878 28943 1820 10 65 1885 1354
997 17033 18781 18919 1748 9 138 1886 1355
301 16444 18008 18331 1564 7 323 1887 1356
228 15372 16926 17266 1554 9 340 1894 1357
744 18431 20082 20326 1651 8 244 1895 1358
1438 15979 17520 17874 1541 8 354 1895 1359
77 16708 18323 18608 1615 12 285 1900 1360
43 27142 28905 29044 1763 14 139 1902 1361
1250 18293 19921 20195 1628 8 274 1902 1362
73 15601 17154 17504 1553 7 350 1903 1363
361 17641 19251 19546 1610 7 295 1905 1364
196 16065 17720 17971 1655 7 251 1906 1365
286 25815 27492 27724 1677 8 232 1909 1366
1029 18344 20029 20254 1685 10 225 1910 1367
1303 25519 27149 27430 1630 9 281 1911 1368
661 18231 19826 20145 1595 12 319 1914 1369
420 17558 19204 19474 1646 11 270 1916 1370
573 25566 27231 27483 1665 12 252 1917 1371
1222 16397 17998 18316 1601 10 318 1919 1372
1362 16606 18258 18526 1652 9 268 1920 1373
136 16839 18576 18761 1737 11 185 1922 1374
1340 26053 27912 27975 1859 10 63 1922 1375
88 26567 28441 28492 1874 12 51 1925 1376
95 26418 28335 28343 1917 11 8 1925 1377
436 15795 17377 17720 1582 7 343 1925 1378
382 25712 27336 27641 1624 10 305 1929 1379
1376 16018 17616 17947 1598 10 331 1929 1380
1245 16850 18602 18781 1752 9 179 1931 1381
222 16956 18680 18890 1724 12 210 1934 1382
799 26314 28231 28250 1917 9 19 1936 1383
359 25036 26699 26973 1663 9 274 1937 1384
598 25920 27706 27858 1786 13 152 1938 1385
297 27617 29279 29556 1662 14 277 1939 1386
423 25593 27239 27532 1646 10 293 1939 1387
468 25820 27538 27759 1718 11 221 1939 1388
305 16311 17962 18252 1651 8 290 1941 1389
1324 25903 27641 27847 1738 10 206 1944 1390
78 16701 18316 18646 1615 10 330 1945 1391
1040 17000 18741 18945 1741 11 204 1945 1392
1434 25070 26707 27016 1637 9 309 1946 1393
1119 16192 17898 18146 1706 9 248 1954 1394
502 25966 27759 27927 1793 11 168 1961 1395
909 16827 18526 18792 1699 9 266 1965 1396
186 17233 18945 19201 1712 11 256 1968 1397
834 26918 28641 28892 1723 11 251 1974 1398
1261 26977 28693 28951 1716 7 258 1974 1399
880 17407 19056 19382 1649 10 326 1975 1400
1188 26321 28270 28299 1949 11 29 1978 1401
739 25727 27357 27706 1630 12 349 1979 1402
618 17492 19139 19486 1647 10 347 1994 1403
779 27005 28790 29001 1785 10 211 1996 1404
1379 25916 27650 27912 1734 9 262 1996 1405
13 26441 28343 28441 1902 12 98 2000 1406
674 16877 18646 18877 1769 9 231 2000 1407
362 26069 27927 28071 1858 12 144 2002 1408
1051 27432 29133 29434 1701 8 301 2002 1409
765 26948 28691 28955 1743 11 264 2007 1410
795 26547 28382 28559 1835 10 177 2012 1411
940 26319 28250 28335 1931 10 85 2016 1412
1322 26528 28368 28545 1840 11 177 2017 1413
247 26622 28448 28641 1826 11 193 2019 1414
1054 17119 18877 19138 1758 8 261 2019 1415
820 17119 18825 19139 1706 11 314 2020 1416
1404 17104 18792 19132 1688 9 340 2028 1417
797 27268 29001 29301 1733 10 300 2033 1418
92 26657 28494 28693 1837 8 199 2036 1419
775 26823 28559 28878 1736 10 319 2055 1420
815 26736 28528 28791 1792 13 263 2055 1421
319 26310 28212 28368 1902 11 156 2058 1422
188 17136 18890 19204 1754 13 314 2068 1423
560 25815 27532 27883 1717 9 351 2068 1424
549 25973 27858 28049 1885 13 191 2076 1425
360 26115 28071 28198 1956 13 127 2083 1426
692 26122 28159 28212 2037 10 53 2090 1427
106 26338 28299 28432 1961 12 133 2094 1428
1016 27153 28943 29250 1790 10 307 2097 1429
454 25925 27724 28050 1799 9 326 2125 1430
1432 26103 28050 28231 1947 9 181 2128 1431
1195 26038 27883 28187 1845 8 304 2149 1432
1280 25971 27847 28159 1876 10 312 2188 1433
1177 26071 27975 28270 1904 11 295 2199 1434
906 26233 28198 28448 1965 13 250 2215 1435
1061 26559 28432 28790 1873 12 358 2231 1436
478 26088 28049 28382 1961 12 333 2294 1437
1175 26136 28187 28494 2051 9 307 2358 1438
